# eigen value		eigen vector
173.906265785473266	{0.207708932943880	0.282848543795133	0.314214123226058	0.230370182235831	0.224906339488405	0.248202416124444	0.222214030696670	0.241115382491644	0.250921012077988	0.170020949533115	0.233944157921326	0.221922164268996	0.192995319024531	0.209551307653843	0.193688116419647	0.220485379646933	0.262641794625046	0.270616743116346	}
37.794301632345523	{0.145528828506013	0.262057763674035	-0.178699400837996	0.338352087475981	-0.067592498319593	-0.365699773571061	0.190924261066558	-0.160858985302510	0.074012622268140	0.335602929793052	0.247918422099887	-0.394615495096529	-0.331206039586464	-0.133562841738337	-0.229497958520344	-0.044534603219900	0.091858587282802	0.192819801346905	}
35.592136927135513	{-0.174707157461464	-0.111839617696913	-0.001662851207492	-0.085959645086573	0.400918560930896	0.300385962759032	-0.423920366183519	-0.214837601722644	0.426456073058657	0.022302731908486	0.181630917806814	-0.390624025205649	-0.109550909640898	0.176629008464870	-0.096428015333900	0.131222942478859	-0.169819547849395	0.079066862693972	}
34.075450150690230	{-0.115757640243589	-0.183564551371256	-0.208260890630479	0.125078755129723	0.350488742220579	0.044537527670208	0.182311229322300	0.004083412865969	-0.209703818790972	0.421384709822409	-0.010284778319327	0.018105254118887	0.461408712684801	-0.234853235113655	-0.282631317622512	0.316946204344452	-0.136511089967077	-0.216351339410035	}
25.528549663199012	{0.307265703440695	-0.278107362085024	0.175615788151738	-0.026178562779998	0.186912974458525	0.229049508115222	0.000236327969363	-0.244613761487657	-0.383428475108886	0.034473414915668	0.082711617419215	-0.348961409169727	0.077588473446754	-0.058940949006639	0.168144250773468	-0.294183282555043	0.489842218011956	-0.091678724137132	}
18.976866455770370	{0.019865672886148	-0.163726921407676	0.193866730745994	-0.284469028345591	-0.090592874386737	-0.153324123223188	0.125040583581943	-0.374207025748727	0.027231903065133	0.249499588183417	0.536457334513492	0.282288781594404	0.133435561261134	0.028877605463764	0.130731470643944	-0.256555171055415	-0.356909161624885	0.086666455848245	}
11.970646831343908	{0.455760847373118	-0.039514408011499	-0.053398601401207	0.252548915168984	-0.102540543633440	-0.021463158563519	0.061071477332601	-0.342871299156374	-0.008775234886220	-0.063966651913866	-0.090055596321467	0.032038254780782	-0.065558718511765	0.496876808738553	0.064796979991397	0.305884607140608	-0.210982962295329	-0.430180258688711	}
9.379653927661368	{0.262296892320272	-0.327211783902942	-0.194106543414081	0.333445454044321	-0.254738535572485	0.365789976047385	0.126343621511558	0.009180995570203	0.180447794175886	-0.306838320425160	0.066224004830417	0.019388822233938	0.206732042681384	-0.135491816181252	-0.310803589246744	-0.205470903044050	-0.173612515486126	0.314644550859723	}
5.158504613287460	{0.158838488547284	0.377989012945664	0.231062049968516	-0.213238388563282	0.064186186522483	-0.203351718955032	-0.046032314786564	-0.304871238675163	0.174055228275445	-0.393952898779182	0.038458198468369	0.005405128973012	0.356609160268490	-0.211012823645492	-0.419770553686217	0.073946933418563	0.181017786171223	-0.139123531789765	}
0.883690071661358	{-0.167699250498000	0.163845479660812	-0.207310887082148	0.141248006043554	-0.403222623161650	0.060880569347357	-0.270555021654914	-0.354912129336578	0.201090371417271	0.271176411171345	-0.225532985275971	-0.046526517883372	0.432666746416100	-0.046840465045720	0.343827708869449	-0.013600843301741	0.186856945467730	0.083239926933655	}
0.289048911111160	{-0.176170855627144	-0.056444478754474	0.240867646824570	0.442183734935910	0.226310509864359	-0.131002028219986	-0.200674138336611	-0.374315470506387	-0.325675659628262	-0.217788501504255	-0.093693697310017	0.253057456725238	-0.135222699048353	-0.173963705249289	0.096198835579212	0.197689139980994	-0.085238565010660	0.364707535053448	}
-8.421279527322403	{0.193227147423123	-0.340663378866686	-0.214239663622882	-0.074551386425110	0.220440948084242	-0.360459819668249	-0.229095815822771	-0.010842618012127	0.208425733220369	0.175634321018522	-0.200757327087969	0.385600724586980	-0.018179790715147	0.251397747400971	-0.237143351550974	-0.145979383956569	0.357130297907265	0.179239462628838	}
-11.602213236472767	{-0.005246941653471	-0.150089665108871	0.471848232085200	-0.216430968467678	-0.263133301506744	-0.036703265197657	0.133875568990755	-0.015906158235020	-0.109652104758010	0.221781258512210	-0.382542594824339	-0.288703715441508	0.087768373650555	0.253675729239292	-0.272761568108739	0.186578502800096	-0.104242023561286	0.369011991414974	}
-14.391082770934771	{0.389981226490947	0.471109664261987	-0.153856411714494	-0.171545556098520	0.123101854460488	0.292098471767564	-0.311968642940653	-0.001594208590003	-0.318020349611140	0.230170976901714	-0.164400586674716	0.140915575421841	-0.053301539734842	-0.022164612361708	-0.127322763088127	-0.197019643798951	-0.287027157830580	0.182545833412308	}
-23.813596552351054	{0.159091140514033	-0.158793040717026	0.360740499846576	0.053553130597349	-0.231275297864425	0.213016837786858	-0.204756461842235	-0.001335569717905	0.243052434225881	0.310898917388015	-0.063574077255321	0.227673443707597	-0.342263050724817	-0.473658836738493	-0.120447998947942	0.131940763833365	0.076244513986014	-0.291283745318460	}
-25.696894343911421	{-0.048286681891804	0.064548526371406	-0.067290137806810	-0.133111186905243	0.298066234911375	0.161874010797548	0.564046211713495	-0.343242273356469	0.293396400498615	0.004712922520617	-0.462367574606141	0.069601922450095	-0.193003055422473	-0.144380254809854	0.142737081901764	-0.180953197182779	-0.059483500244891	0.027592589823930	}
-33.490335249853253	{0.073275951631880	-0.067737302524530	-0.368280522524158	-0.418615518017119	-0.171473540337347	0.183836198795753	0.112853312122151	-0.180721341628699	-0.133931218377718	-0.088052516502636	0.195015412930232	0.098896435153093	-0.194562410550523	-0.096926100664869	0.031085222417625	0.564936111967955	0.249643605021569	0.259586664338875	}
-43.139713288833491	{0.462149345821898	-0.157922056851092	-0.010889206153573	-0.119319838661185	0.141680625347773	-0.343531714431052	-0.098818238537622	0.205991656873468	0.169795191688486	-0.071464246478338	-0.113748385409126	-0.233802792066495	0.146681705580331	-0.350317735669561	0.433707515717926	0.186018395297991	-0.256334969039639	0.150489428214637	}
