# time	sumOffDiagonal
0		1087.000000000000000
1		1071.862011294156673
2		1047.682094712209619
3		1001.156054566681746
4		933.814837953270853
5		890.547145178407163
6		839.782518114678510
7		801.032544826655567
8		753.921664696388689
9		702.650081743683927
10		660.538267147212991
11		621.003811525092374
12		574.503888360646442
13		549.313500896481742
14		521.187107303220728
15		500.354509464631292
16		486.271784975718617
17		467.278784067186450
18		447.453196223431519
19		434.402547591235248
20		426.786480857566971
21		418.713971181096554
22		402.831485742832456
23		392.267308276649601
24		385.812959471916201
25		376.463477663260846
26		367.919802928267586
27		357.460544446518156
28		348.682987929645549
29		338.898898036469745
30		331.872684395499618
31		319.208090348125211
32		311.942524220104588
33		306.868927957886683
34		300.844931446640487
35		298.653650604671100
36		295.482034550591550
37		286.817514824461739
38		280.657711635368798
39		269.824777181945251
40		262.274292394889869
41		256.751219063102099
42		252.346253660442471
43		243.984674479192620
44		237.861447091886220
45		230.668043045824874
46		223.293867795791073
47		217.561072724900981
48		213.306587981553804
49		209.459464815032192
50		203.210537837153680
51		198.177099631001653
52		192.436366767838933
53		185.923547343653070
54		180.027114892741054
55		175.180798518344943
56		170.687251926026221
57		167.922264252434417
58		164.135791647495608
59		161.002788136958998
60		158.233319637322637
61		154.470071191888479
62		152.714970726228984
63		149.216486972731303
64		145.384475983073031
65		141.433232573635252
66		139.053776644785501
67		136.106518388247281
68		132.782089572657753
69		129.801330439626355
70		126.780880161822722
71		124.572089440397320
72		120.981357077879423
73		118.756898605559115
74		115.476828023982790
75		112.413520944579716
76		110.037858038517413
77		107.344694940464933
78		104.124555992048442
79		101.923467014069104
80		99.286036698847255
81		96.483571822919643
82		93.837558635036487
83		91.211680157027047
84		88.784866915378132
85		86.455481793017682
86		85.443323869283219
87		82.967137865630420
88		80.902429850876658
89		78.864999755370917
90		77.556597272005149
91		75.686084759052079
92		73.820352240495268
93		72.389617044832534
94		70.315207978622709
95		70.429407007687132
96		68.695962322091233
97		66.903341955323739
98		65.234391061889824
99		63.820202214252284
100		62.324779100639233
101		60.286174009111207
102		58.701890540448815
103		57.160422297067079
104		55.569512671159067
105		54.223233304475691
106		52.891449349592726
107		51.677684335679366
108		50.200761083807677
109		48.869895480649149
110		47.483657033588955
111		46.245221587256133
112		45.012634951074851
113		43.981732425691661
114		42.888788729771235
115		41.853606015961496
116		41.172094784034243
117		40.166631142371521
118		39.284012706774710
119		38.468514587148874
120		37.549153543303213
121		36.641575556677687
122		35.808402138527512
123		34.926233602002284
124		34.042848123933140
125		33.202316472672962
126		32.476267689094414
127		31.632224590383895
128		30.944584537827858
129		30.140242546997733
130		29.310925195471114
131		28.571682867931738
132		27.843613743674503
133		27.100837599642912
134		26.380882680408181
135		25.689311258818723
136		25.353928043751722
137		24.701112795637396
138		24.034309565765593
139		23.337662334032665
140		22.676158646923124
141		21.999428079716616
142		21.338933339007895
143		20.669510479007400
144		20.006717253169853
145		19.382963892882199
146		19.155619386966119
147		18.580300400734078
148		18.284965507538814
149		17.684880533559628
150		17.088956917720395
151		16.566054326170832
152		16.062415534434496
153		15.587467663544187
154		15.107167168514819
155		14.632955226570761
156		14.166040581370485
157		13.729053213475138
158		13.313023286115792
159		12.914620623383994
160		12.594985015535604
161		12.256887751045150
162		11.915306194011457
163		11.576710170696119
164		11.247676411843724
165		10.930333936281615
166		10.647704918671931
167		10.348326262001921
168		10.054311594768530
169		9.784925989707984
170		9.507113196114794
171		9.227565538590571
172		8.947644445215003
173		8.672836172739908
174		8.406740358242594
175		8.140186005096425
176		7.876453793352257
177		7.626247057518887
178		7.377023112727150
179		7.133317143761044
180		6.895376568015607
181		6.657050053527793
182		6.423369380814595
183		6.257933616689055
184		6.037409090782390
185		5.814654442576317
186		5.600230557085558
187		5.395561436737178
188		5.205312185195790
189		5.012617114724137
190		4.833347329469435
191		4.657585573220995
192		4.489266549549609
193		4.329200836189393
194		4.171358306594455
195		4.015666314970877
196		3.862232637416807
197		3.713131290674042
198		3.567750550266779
199		3.422591337434928
200		3.303904059801523
201		3.199123293889595
202		3.089540301642989
203		2.983134217577288
204		2.885153029001973
205		2.791706960668801
206		2.702120399246434
207		2.611176715203277
208		2.522400713677908
209		2.435395165877519
210		2.348195522253658
211		2.263001029547873
212		2.178945739350780
213		2.095365385212604
214		2.013049519245557
215		1.931293601997398
216		1.853856408730966
217		1.776713584115035
218		1.701354256016011
219		1.628938416528471
220		1.556510495733500
221		1.490298522195396
222		1.425647258750971
223		1.365450337967738
224		1.309071419890286
225		1.257620071253198
226		1.206153310461045
227		1.157496087441807
228		1.109436463794806
229		1.061656958848261
230		1.014573007147556
231		0.969039358679464
232		0.927098610465638
233		0.885361346874185
234		0.844271314099372
235		0.803306346527555
236		0.763901734267885
237		0.728610520914043
238		0.693608426958297
239		0.659077791285646
240		0.624758092913038
241		0.590303436520563
242		0.557426717623522
243		0.525328376478665
244		0.493355128811994
245		0.461338069774231
246		0.430058277709905
247		0.401706082529321
248		0.381004030528594
249		0.360036518584481
250		0.340581967869549
251		0.322195473543175
252		0.304042843914336
253		0.287077183052436
254		0.270499926967431
255		0.254397057789341
256		0.239338796733149
257		0.224749942803414
258		0.211078992712069
259		0.197914405190679
260		0.184795582238955
261		0.171731243834578
262		0.159855438773856
263		0.148635670916229
264		0.138242624041306
265		0.128280751502135
266		0.118547996857953
267		0.108878203177742
268		0.100888410168563
269		0.094612292474479
270		0.089216858810321
271		0.084253629748556
272		0.079730636184532
273		0.075625607790991
274		0.071631892989931
275		0.067715734657061
276		0.063813395761222
277		0.060318592951583
278		0.056926849859485
279		0.053602110691960
280		0.050346933094263
281		0.047913432729646
282		0.045519563047488
283		0.043153404430453
284		0.040835882089814
285		0.038522484007308
286		0.036231883321219
287		0.034108953375414
288		0.032048663378721
289		0.030076010282723
290		0.028166569351843
291		0.026369768096827
292		0.024600520472661
293		0.022939497512070
294		0.021333013876763
295		0.019786085281504
296		0.018248420690765
297		0.016923315688956
298		0.015655714474834
299		0.014475733170157
300		0.013379209877344
301		0.012313484871369
302		0.011550319526321
303		0.010792912332444
304		0.010124202666943
305		0.009514214280627
306		0.008930607462800
307		0.008359672406012
308		0.007797648800109
309		0.007247240981696
310		0.006804768212724
311		0.006428347012510
312		0.006062595247792
313		0.005761350556834
314		0.005462624412164
315		0.005181346465490
316		0.004904945836314
317		0.004634301665969
318		0.004368391222289
319		0.004105421396283
320		0.003846204746507
321		0.003615416921744
322		0.003427497315359
323		0.003249627643817
324		0.003077106802490
325		0.002906927114222
326		0.002737166239566
327		0.002567424908206
328		0.002399773048437
329		0.002240018852900
330		0.002081245925151
331		0.001935472314065
332		0.001802482214693
333		0.001674283747193
334		0.001565655065181
335		0.001458706563321
336		0.001357722713373
337		0.001259696867150
338		0.001165874874740
339		0.001072426637013
340		0.000982146215395
341		0.000892895640221
342		0.000812689449816
343		0.000739755916626
344		0.000668387574702
345		0.000607814663907
346		0.000547750931637
347		0.000491590648928
348		0.000436068088180
349		0.000388397310373
350		0.000342923539016
351		0.000299096778122
352		0.000257584803794
353		0.000218481589769
354		0.000189251272891
355		0.000161406696473
356		0.000136107642084
357		0.000112031562240
358		0.000091387770088
359		0.000072535583669
360		0.000056615458140
361		0.000050972422893
362		0.000045555809600
363		0.000040646518617
364		0.000035917724043
365		0.000031988566656
366		0.000028516323413
367		0.000025091739718
368		0.000022056916103
369		0.000019139729243
370		0.000016255978638
371		0.000013796898502
372		0.000011718380005
373		0.000009698930729
374		0.000007777464562
375		0.000006444473816
376		0.000005336705749
377		0.000004691116969
378		0.000004100255163
379		0.000003571222187
380		0.000003070649297
381		0.000002678694966
382		0.000002335630503
383		0.000002059164850
384		0.000001789221715
385		0.000001525176742
386		0.000001365084178
387		0.000001206790414
388		0.000001049705485
389		0.000000914903438
390		0.000000830766997
391		0.000000755281460
392		0.000000684318616
393		0.000000614950528
394		0.000000546788315
395		0.000000478957205
396		0.000000411955776
397		0.000000352855700
398		0.000000294347808
399		0.000000248732844
400		0.000000204973644
401		0.000000180032102
402		0.000000156009641
403		0.000000132328302
404		0.000000108989570
405		0.000000099008345
406		0.000000089252403
407		0.000000081037343
408		0.000000073573090
409		0.000000066576488
410		0.000000060068349
411		0.000000053603582
412		0.000000047954674
413		0.000000043462593
414		0.000000039060639
415		0.000000034869719
416		0.000000030847709
417		0.000000026962545
418		0.000000023885290
419		0.000000021213273
420		0.000000018595313
421		0.000000016171650
422		0.000000013991478
423		0.000000012456694
424		0.000000011077873
425		0.000000009810915
426		0.000000008868709
427		0.000000007950758
428		0.000000007046902
429		0.000000006218461
430		0.000000005560938
431		0.000000004906051
432		0.000000004309971
433		0.000000003726213
434		0.000000003163209
435		0.000000002656464
436		0.000000002225403
437		0.000000001814575
438		0.000000001487341
439		0.000000001197726
440		0.000000000942796
441		0.000000000717086
442		0.000000000506000
443		0.000000000409440
444		0.000000000316600
445		0.000000000268762
446		0.000000000227988
447		0.000000000195376
448		0.000000000162798
449		0.000000000131794
450		0.000000000109547
451		0.000000000090293
452		0.000000000078870
453		0.000000000069367
454		0.000000000060050
455		0.000000000051793
456		0.000000000043702
457		0.000000000036479
458		0.000000000030119
459		0.000000000023993
460		0.000000000017921
461		0.000000000013905
462		0.000000000010311
463		0.000000000007044
464		0.000000000005687
465		0.000000000004455
466		0.000000000003373
467		0.000000000002381
468		0.000000000001541
469		0.000000000001286
470		0.000000000001034
471		0.000000000000804
472		0.000000000000591
473		0.000000000000446
474		0.000000000000341
475		0.000000000000240
476		0.000000000000157
477		0.000000000000095
478		0.000000000000071
479		0.000000000000051
480		0.000000000000034
481		0.000000000000019
482		0.000000000000015
483		0.000000000000011
484		0.000000000000009
485		0.000000000000006
486		0.000000000000005
487		0.000000000000004
